MSE: 6412582.423510406
RMSE: 2532.3077268591205
MAE: 835.2434275549823
R2: 0.44986954464623097
