MSE: 934810.3090317365
RMSE: 966.855888450671
MAE: 346.9156364822408
R2: 0.47005764270123485
