MSE: 3201571.1904917536
RMSE: 1789.2934891995092
MAE: 694.1034144071584
R2: 0.4483701509363113
