MSE: 213527.65625
RMSE: 462.0905281976682
MAE: 119.37051391601562
R2: 0.8789515495300293
