MSE: 2704225.0
RMSE: 1644.4527965253367
MAE: 566.803466796875
R2: 0.5340627431869507
