MSE: 697500.375
RMSE: 835.1648789311007
MAE: 431.8742980957031
R2: 0.9401620030403137
