MSE: 3190023.729761433
RMSE: 1786.0637529946775
MAE: 692.2947218247327
R2: 0.45035977529283155
