MSE: 940596.8032322705
RMSE: 969.8437004137679
MAE: 347.251909007051
R2: 0.466777289085641
