MSE: 3375518.446906823
RMSE: 1837.2584050445444
MAE: 687.9855836952117
R2: 0.7104168995249587
